Set i /i1*i100/;
Set j /j1*j10/;
Alias (i,ip), (j,jp);

Table d(i,j) "Distance between locations"
              j1      j2      j3      j4      j5      j6      j7      j8      j9     j10
  ip1    5.8934  5.8196  5.4749  5.1402  4.4424  3.7446  1.3491  0.9180  0.3219  0.0000
  ip2    6.8643  5.5716  5.4330  5.0323  4.2711  3.0098  2.7806  2.5656  1.5022  0.0000
  ip3    8.5583  7.8654  7.3128  6.9102  6.0011  5.0008  4.2230  3.4290  2.6659  0.0000
  ip4   10.1911 10.0008  9.0003  8.0089  8.0072  7.0056  6.0010  5.0002  4.0008  0.0000
  ip5   12.0019 11.0028 10.0036  0.0000  9.0041  8.0032  7.0091  6.0008  5.0001  0.0000
  ip6   13.0036 12.0027  0.0000  0.0000 11.0059 10.0023  9.0032  8.0001  7.0000  0.0000
  ip7   14.0056 13.0040  0.0000  0.0000 12.0050 11.0030  0.0000  0.0000  8.0077  0.0000
  ip8   15.0065 14.0046  0.0000 15.0076 13.0063  0.0000  0.0000  0.0000  0.0000 13.0008
  ip9   16.0079 15.0098  0.0000 16.0089 15.0059  0.0000  0.0000  0.0000  0.0000 14.0006
  ip10  17.0098 16.0016  0.0000 17.0103 16.0077 18.0090  0.0000  0.0000  9.0061 15.0001
;